Explore_Iteration	MacroPopSize	MicroPopSize	Accuracy_Estimate	AveGenerality	ExpRules	Time(min)
64	33	35	0.390625	0.49047619047619045	0.00016787052154541016
128	49	59	0.5625	0.5254237288135594	0.000376284122467041
192	65	88	0.609375	0.5378787878787878	0.0006087978680928548
256	75	104	0.671875	0.5400641025641025	0.0007601102193196614
320	90	130	0.765625	0.5371794871794872	0.0009359518686930338
384	105	161	0.78125	0.5445134575569358	0.001137856642405192
448	113	183	0.75	0.5437158469945356	0.0013634204864501954
512	122	207	0.84375	0.5418679549114331	0.001602176825205485
576	134	225	0.875	0.5407407407407407	0.0018568952878316243
640	145	251	0.875	0.5444887118193891	0.0021218458811442056
704	158	281	0.875	0.5355871886120996	0.0024460673332214354
768	168	307	0.859375	0.5293159609120521	0.002749435106913249
832	178	326	0.875	0.5311860940695297	0.003071939945220947
896	190	359	0.921875	0.5297121634168988	0.0034238616625467937
960	196	383	0.890625	0.5252393385552655	0.003772600491841634
1024	203	405	0.890625	0.5246913580246914	0.004137074947357178
1088	220	437	0.90625	0.5217391304347826	0.004520316918690999
1152	230	465	0.90625	0.5175627240143369	0.004921360810597738
1216	243	499	0.90625	0.5130260521042084	0.0053416132926940914
1280	242	500	0.90625	0.5063333333333333	0.00584630568822225
1344	239	500	0.890625	0.5036666666666667	0.006332393487294515
1408	235	500	0.90625	0.504	0.006816713015238444
1472	229	500	0.921875	0.5003333333333333	0.00729522705078125
1536	229	500	0.890625	0.498	0.007737942536671956
1600	224	500	0.9375	0.5006666666666667	0.00818494955698649
1664	229	500	0.953125	0.49966666666666665	0.008655452728271484
1728	224	500	0.9375	0.49933333333333335	0.009115052223205567
1792	221	500	0.9375	0.497	0.009565516312917074
1856	222	500	0.90625	0.49533333333333335	0.01005091667175293
1920	225	500	0.90625	0.49033333333333334	0.010531572500864665
1984	229	500	0.921875	0.4886666666666667	0.011038470268249511
2048	232	500	0.921875	0.489	0.01152131160100301
2112	224	500	0.9375	0.4866666666666667	0.012002352873484294
2176	227	500	0.9375	0.48	0.01249854564666748
2240	227	500	0.921875	0.47833333333333333	0.012972072760264079
2304	229	500	0.9375	0.47833333333333333	0.013472640514373779
2368	224	500	0.9375	0.47533333333333333	0.013930435975392659
2432	225	500	0.953125	0.4736666666666667	0.014398396015167236
2496	220	500	0.96875	0.47333333333333333	0.014863034089406332
2560	220	500	0.953125	0.468	0.015298779805501301
2624	216	500	0.9375	0.4686666666666667	0.015768837928771973
2688	212	500	0.953125	0.4673333333333333	0.01618991295496623
2752	214	500	0.953125	0.4676666666666667	0.016653382778167726
2816	205	500	0.9375	0.4703333333333333	0.01709206501642863
2880	201	500	0.9375	0.4673333333333333	0.017532447973887127
2944	197	500	0.953125	0.4706666666666667	0.01796381870905558
3008	196	500	0.9375	0.4716666666666667	0.018385414282480875
3072	196	500	0.921875	0.4713333333333333	0.01879697640736898
3136	191	500	0.921875	0.473	0.019174559911092123
3200	188	500	0.9375	0.479	0.019611744085947673
3264	179	500	0.9375	0.4836666666666667	0.019994107882181804
3328	178	500	0.9375	0.483	0.020386258761088055
3392	176	500	0.953125	0.4816666666666667	0.02077481746673584
3456	174	500	0.953125	0.484	0.02113198439280192
3520	175	500	0.953125	0.4796666666666667	0.021520312627156576
3584	181	500	0.953125	0.478	0.02190589507420858
3648	183	500	0.953125	0.47333333333333333	0.022311957677205403
3712	186	500	0.953125	0.4726666666666667	0.022705435752868652
3776	182	500	0.953125	0.471	0.023083778222401936
3840	179	500	0.96875	0.4723333333333333	0.023485207557678224
3904	181	500	0.96875	0.4696666666666667	0.023877946535746257
3968	179	500	1.0	0.4726666666666667	0.02426892121632894
4032	170	500	1.0	0.477	0.024653283754984538
4096	163	500	1.0	0.478	0.02502181927363078
4160	170	500	1.0	0.48733333333333334	0.025418996810913086
4224	176	500	1.0	0.48933333333333334	0.025785895188649495
4288	173	500	1.0	0.48933333333333334	0.02616351842880249
4352	166	500	1.0	0.4876666666666667	0.0265177051226298
4416	160	500	1.0	0.49066666666666664	0.026865049203236898
4480	166	500	0.984375	0.488	0.027250532309214273
4544	162	500	1.0	0.49133333333333334	0.027654369672139485
4608	154	500	1.0	0.49466666666666664	0.028021482626597087
4672	147	500	0.984375	0.49166666666666664	0.02835015853246053
4736	151	500	1.0	0.49266666666666664	0.028669305642445884
4800	143	500	1.0	0.49633333333333335	0.029000552495320638
4864	143	500	1.0	0.497	0.029293851057688395
4928	146	500	1.0	0.49466666666666664	0.029600918292999268
4992	142	500	1.0	0.49733333333333335	0.029934314886728923
5056	136	500	1.0	0.496	0.030483094851175944
5120	134	500	1.0	0.49566666666666664	0.030758941173553468
5184	130	500	1.0	0.5033333333333333	0.031044058005015054
5248	133	500	1.0	0.503	0.03134524424870809
5312	133	500	1.0	0.505	0.031659464041392006
5376	128	500	1.0	0.5033333333333333	0.03195110956827799
5440	126	500	1.0	0.5063333333333333	0.032239989439646406
5504	131	500	1.0	0.5083333333333333	0.032519177595774336
5568	131	500	1.0	0.5073333333333333	0.0328013817469279
5632	130	500	1.0	0.506	0.033103946844736734
5696	124	500	1.0	0.5053333333333333	0.03340302308400472
5760	121	500	1.0	0.5073333333333333	0.03368066549301148
5824	120	500	1.0	0.5053333333333333	0.03394368886947632
5888	119	500	0.984375	0.5063333333333333	0.03419859011967977
5952	119	500	1.0	0.5083333333333333	0.03445315361022949
6016	113	500	1.0	0.5103333333333333	0.034724779923756915
6080	116	500	1.0	0.508	0.03500022888183594
6144	119	500	1.0	0.5066666666666667	0.035280982653299965
6208	118	500	1.0	0.5056666666666667	0.03554517825444539
6272	118	500	1.0	0.5036666666666667	0.03579564094543457
6336	117	500	1.0	0.502	0.036072953542073564
6400	113	500	1.0	0.504	0.03632675806681315
6464	113	500	1.0	0.5043333333333333	0.036564314365386964
6528	114	500	1.0	0.5043333333333333	0.03682175079981486
6592	109	500	1.0	0.5063333333333333	0.037061246236165364
6656	113	500	1.0	0.5063333333333333	0.03731430371602376
6720	114	500	1.0	0.505	0.037569208939870195
6784	119	500	1.0	0.5046666666666667	0.03781970342000326
6848	118	500	1.0	0.502	0.03808700640996297
6912	118	500	1.0	0.5036666666666667	0.0383498469988505
6976	118	500	1.0	0.504	0.03861149549484253
7040	121	500	1.0	0.5063333333333333	0.03888182640075684
7104	123	500	1.0	0.5043333333333333	0.03916873931884766
7168	125	500	1.0	0.5043333333333333	0.039451205730438234
7232	117	500	1.0	0.5043333333333333	0.039707473913828534
7296	122	500	1.0	0.503	0.03999252716700236
7360	120	500	1.0	0.5006666666666667	0.04026845693588257
7424	119	500	1.0	0.501	0.04053459564844767
7488	120	500	1.0	0.5013333333333333	0.04080554246902466
7552	118	500	1.0	0.5036666666666667	0.04107218186060588
7616	118	500	1.0	0.49933333333333335	0.04132660230000814
7680	114	500	1.0	0.5023333333333333	0.041589772701263426
7744	112	500	1.0	0.5023333333333333	0.04183758497238159
7808	107	500	1.0	0.49933333333333335	0.042087984085083005
7872	104	500	1.0	0.5006666666666667	0.04233425458272298
7936	112	500	1.0	0.5006666666666667	0.04258119265238444
8000	114	500	1.0	0.503	0.042839185396830244
8064	114	500	1.0	0.506	0.04309988816579183
8128	109	500	1.0	0.5063333333333333	0.04334660371144613
8192	112	500	1.0	0.505	0.04359805186589559
8256	109	500	1.0	0.5053333333333333	0.04383831818898519
8320	110	500	1.0	0.505	0.04409743547439575
8384	110	500	1.0	0.5033333333333333	0.04433765808741252
8448	105	500	1.0	0.503	0.044585768381754556
8512	97	500	1.0	0.5053333333333333	0.04483629465103149
8576	97	500	1.0	0.508	0.04507200717926026
8640	104	500	1.0	0.5106666666666667	0.045309289296468096
8704	97	500	1.0	0.5086666666666667	0.045547632376352946
8768	100	500	1.0	0.5153333333333333	0.04578631321589152
8832	96	500	1.0	0.514	0.04601915280024211
8896	96	500	1.0	0.5126666666666667	0.0462490439414978
8960	95	500	1.0	0.5103333333333333	0.04647927681605021
9024	88	500	1.0	0.5113333333333333	0.04669766426086426
9088	87	500	1.0	0.5126666666666667	0.04689184824625651
9152	91	500	1.0	0.5096666666666667	0.04711633125940959
9216	96	500	1.0	0.5126666666666667	0.047347565491994224
9280	97	500	1.0	0.513	0.04758583704630534
9344	103	500	1.0	0.512	0.047813022136688234
9408	103	500	1.0	0.5116666666666667	0.04804925521214803
9472	106	500	1.0	0.511	0.04829203685124715
9536	109	500	1.0	0.512	0.048548285166422525
9600	104	500	1.0	0.5093333333333333	0.048796979586283366
9664	96	500	1.0	0.507	0.04903753201166789
9728	98	500	1.0	0.506	0.04928235610326131
9792	99	500	1.0	0.508	0.0495134433110555
9856	95	500	1.0	0.5073333333333333	0.04974606037139893
9920	96	500	1.0	0.5063333333333333	0.04996165831883748
9984	92	500	1.0	0.5063333333333333	0.05019144217173258
